0.644854 0.0 1.0 0.576339754969
0.0 0.239573 1.0 0.467497766053
0.0 0.866085 1.0 0.495375590659
0.1201935 0.0 1.0 0.487161036421
0.4654305 0.0 -1.0 0.497170643448
0.0 0.6867655 1.0 0.568169779937
0.7277475 0.0 -1.0 0.505659767493
0.0 0.866085 1.0 0.583072758543
0.1201935 0.0 1.0 0.591025704527
0.123927 0.0 -1.0 0.595702012012
0.0 0.239573 1.0 0.633547403714
0.123927 0.0 -1.0 0.620234311977
0.1201935 0.0 1.0 0.634968206906
0.0 0.866085 1.0 0.657676727611
0.8472835 0.0 -1.0 0.656567912876
0.0 0.7965965 1.0 0.720985656473
0.8472835 0.0 -1.0 0.697097414615
0.0 0.7965965 1.0 0.706175009306
0.7497735 0.0 -1.0 0.722722350685
0.729873 0.0 1.0 0.735575591415
0.7277475 0.0 -1.0 0.744577142034
0.0 0.6867655 1.0 0.751553475961
0.6793425 0.0 -1.0 0.764160889081
0.4211005 0.0 1.0 0.766837957534
0.0 0.3067885 -1.0 0.845957123863
0.0 0.3646192 1.0 0.829283549535
0.4654305 0.0 -1.0 0.929670432618
0.541508 0.0 1.0 0.975574418058
0.4654305 0.0 -1.0 0.956104803019
0.4211005 0.0 1.0 0.978458513556
0.393491 0.0 -1.0 1.01462460291
0.388505 0.0 1.0 1.00463430846
0.3750325 0.0 -1.0 1.062503912
0.0 0.369739 1.0 1.04247724823
0.0 0.368348 -1.0 1.07539304863
0.0 0.3646192 1.0 1.07699514434
0.0 0.3067885 -1.0 1.10029449637
0.3008145 0.0 1.0 1.10608202877
0.2964425 0.0 -1.0 1.13234684584
0.27994 0.0 1.0 1.16544078562
0.0 0.2556165 -1.0 1.25853194182
0.2491475 0.0 1.0 1.23894011083
0.246305 0.0 -1.0 1.27733262177
0.0 0.239573 1.0 1.27737320412
0.123927 0.0 -1.0 1.31312708453
0.1201935 0.0 1.0 1.30974087387
0.0 0.866085 1.0 1.35987516356
0.857233 0.0 -1.0 1.34673684838
0.0 0.8491285 1.0 1.42593569432
0.8472835 0.0 -1.0 1.39443128727
0.0 0.7965965 1.0 1.43190504807
0.7497735 0.0 -1.0 1.42911463256
0.729873 0.0 1.0 1.47555957844
0.7277475 0.0 -1.0 1.46359183522
0.0 0.6867655 1.0 1.50286850444
0.6793425 0.0 -1.0 1.49471231918
0.0 0.6673805 1.0 1.52530448464
0.0 0.6571065 -1.0 1.59987827023
0.644854 0.0 1.0 1.61004680994
0.5727275 0.0 -1.0 1.78333597572
0.0 0.560231 1.0 1.78172789931
0.54773 0.0 -1.0 1.80780663531
0.541508 0.0 1.0 1.93047614845
0.4654305 0.0 -1.0 1.89811759531
0.4211005 0.0 1.0 1.9680191277
0.393491 0.0 -1.0 1.9787822744
0.388505 0.0 1.0 2.01454114345
0.3750325 0.0 -1.0 2.05050495034
0.0 0.369739 1.0 2.07178800801
0.0 0.368348 -1.0 2.08913402411
0.0 0.3646192 1.0 2.12397623191
0.0 0.3067885 -1.0 2.13496336125
0.3008145 0.0 1.0 2.17330987838
0.2964425 0.0 -1.0 2.18752257949
0.27994 0.0 1.0 2.2803362849
0.0 0.2556165 -1.0 2.34778426826
0.2491475 0.0 1.0 2.40543007519
0.246305 0.0 -1.0 2.41727594146
0.0 0.239573 1.0 2.46234061586
0.123927 0.0 -1.0 2.48357314609
0.1201935 0.0 1.0 2.51392645066
0.0 0.866085 1.0 2.55745603461
0.857233 0.0 -1.0 2.57290124097
0.0 0.8491285 1.0 2.65753274781
0.8472835 0.0 -1.0 2.64695700627
0.0 0.7965965 1.0 2.68799719374
0.7497735 0.0 -1.0 2.6976530589
0.729873 0.0 1.0 2.76104417049
0.7277475 0.0 -1.0 2.75565154712
0.0 0.6867655 1.0 2.81468322385
0.6793425 0.0 -1.0 2.80767950632
0.0 0.6673805 1.0 2.85957386765
0.0 0.6571065 -1.0 2.96078837469
0.644854 0.0 1.0 3.00180240796
0.5727275 0.0 -1.0 3.27826722474
0.0 0.560231 1.0 3.26411814787
0.54773 0.0 -1.0 3.35490853347
0.541508 0.0 1.0 3.48007109624
0.4654305 0.0 -1.0 3.49391722422
0.4211005 0.0 1.0 3.57050667582
0.393491 0.0 -1.0 3.61554740314
0.388505 0.0 1.0 3.66120060938
0.3750325 0.0 -1.0 3.73391437244
0.0 0.369739 1.0 3.76196077928
0.0 0.368348 -1.0 3.80284901024
0.0 0.3646192 1.0 3.85010063126
0.0 0.3067885 -1.0 3.88078256099
0.3008145 0.0 1.0 3.93575963648
0.2964425 0.0 -1.0 3.96909339563
0.27994 0.0 1.0 4.11740815164
0.0 0.2556165 -1.0 4.22411990587
0.2491475 0.0 1.0 4.33509538507
0.246305 0.0 -1.0 4.35062280324
0.0 0.239573 1.0 4.44061384386
0.123927 0.0 -1.0 4.46256737772
0.1201935 0.0 1.0 4.5347310384
0.0 0.866085 1.0 4.58466005018
0.857233 0.0 -1.0 4.63682982751
0.0 0.8491285 1.0 4.74922958882
0.8472835 0.0 -1.0 4.75652895391
0.0 0.7965965 1.0 4.81416480915
0.7497735 0.0 -1.0 4.83857295432
0.729873 0.0 1.0 4.94534827601
0.7277475 0.0 -1.0 4.93749063856
0.0 0.6867655 1.0 5.05227301539
0.6793425 0.0 -1.0 5.03013955032
0.0 0.6673805 1.0 5.14934327405
0.0 0.6571065 -1.0 5.26119784631
0.644854 0.0 1.0 5.41205080534
0.5727275 0.0 -1.0 5.77458574613
0.0 0.560231 1.0 5.79258073021
0.54773 0.0 -1.0 5.95390129781
0.541508 0.0 1.0 6.12058925495
0.4654305 0.0 -1.0 6.17842715973
0.4211005 0.0 1.0 6.28585912635
0.393491 0.0 -1.0 6.37573758228
0.388505 0.0 1.0 6.44332436638
0.3750325 0.0 -1.0 6.57980774097
0.0 0.369739 1.0 6.61131644556
0.0 0.368348 -1.0 6.7017109437
0.0 0.3646192 1.0 6.75832663918
0.0 0.3067885 -1.0 6.83569361688
0.3008145 0.0 1.0 6.90351949037
0.2964425 0.0 -1.0 6.98725972762
0.27994 0.0 1.0 7.20914228387
0.0 0.2556165 -1.0 7.40627523151
0.2491475 0.0 1.0 7.56887566745
0.246305 0.0 -1.0 7.6058383714
0.0 0.239573 1.0 7.7663329495
0.123927 0.0 -1.0 7.78546706698
0.1201935 0.0 1.0 7.94864013875
0.0 0.866085 1.0 7.98399313148
0.857233 0.0 -1.0 8.14163118864
0.0 0.8491285 1.0 8.24437912598
0.8472835 0.0 -1.0 8.33132205602
0.0 0.7965965 1.0 8.37297920668
0.7497735 0.0 -1.0 8.46975074472
0.729873 0.0 1.0 8.58939435888
0.7277475 0.0 -1.0 8.62125685696
0.0 0.6867655 1.0 8.78378194381
0.6793425 0.0 -1.0 8.76324067061
0.0 0.6673805 1.0 8.9896560475
0.0 0.6571065 -1.0 9.1300714836
0.644854 0.0 1.0 9.52862086559
0.5727275 0.0 -1.0 9.9254909374
0.0 0.560231 1.0 10.0584260858
0.54773 0.0 -1.0 10.2971786048
0.541508 0.0 1.0 10.5649852541
0.4654305 0.0 -1.0 10.6583532182
0.4211005 0.0 1.0 10.8576436942
0.393491 0.0 -1.0 10.9766366284
0.388505 0.0 1.0 11.1258521118
0.3750325 0.0 -1.0 11.3196266182
0.0 0.369739 1.0 11.3887942157
0.0 0.368348 -1.0 11.5430519281
0.0 0.3646192 1.0 11.6260079062
0.0 0.3067885 -1.0 11.7847667327
0.3008145 0.0 1.0 11.8658791775
0.2964425 0.0 -1.0 12.0668060139
0.27994 0.0 1.0 12.36823916
0.0 0.2556165 -1.0 12.8040516432
0.2491475 0.0 1.0 12.9203509692
0.246305 0.0 -1.0 13.1167011481
0.0 0.239573 1.0 13.263420894
0.123927 0.0 -1.0 13.386598109
0.1201935 0.0 1.0 13.5911882924
0.0 0.866085 1.0 13.6887046289
0.857233 0.0 -1.0 13.956814647
0.0 0.8491285 1.0 14.0900683982
0.8472835 0.0 -1.0 14.2911394184
0.0 0.7965965 1.0 14.3099934529
0.7497735 0.0 -1.0 14.5802087235
0.729873 0.0 1.0 14.6541136446
0.7277475 0.0 -1.0 14.8504184154
0.0 0.6867655 1.0 14.9800404272
0.6793425 0.0 -1.0 15.0551227511
0.0 0.6673805 1.0 15.3561848156
0.0 0.6571065 -1.0 15.7058351771
0.644854 0.0 1.0 16.3960925228
0.5727275 0.0 -1.0 16.8992142895
0.0 0.560231 1.0 17.1791805913
0.54773 0.0 -1.0 17.6087732447
0.541508 0.0 1.0 17.954370244
0.4654305 0.0 -1.0 18.1696308962
0.4211005 0.0 1.0 18.48396945
0.393491 0.0 -1.0 18.6582639236
0.388505 0.0 1.0 18.9827846139
0.3750325 0.0 -1.0 19.1963769412
0.0 0.369739 1.0 19.4100439393
0.0 0.368348 -1.0 19.5860655706
0.0 0.3646192 1.0 19.8051298047
0.0 0.3067885 -1.0 20.0068407838
0.3008145 0.0 1.0 20.2041678155
0.2964425 0.0 -1.0 20.528684324
0.27994 0.0 1.0 21.1620286087
0.0 0.2556165 -1.0 21.6763565784
0.2491475 0.0 1.0 21.9384345716
0.246305 0.0 -1.0 22.2715491987
0.0 0.239573 1.0 22.4532636478
0.123927 0.0 -1.0 22.7716025402
0.1201935 0.0 1.0 22.9732214109
0.0 0.866085 1.0 23.3010101911
0.857233 0.0 -1.0 23.572205556
0.0 0.8491285 1.0 23.9892614978
0.8472835 0.0 -1.0 24.1253504858
0.0 0.7965965 1.0 24.3178177792
0.7497735 0.0 -1.0 24.6529775081
0.729873 0.0 1.0 24.8365373849
0.7277475 0.0 -1.0 25.1878625084
0.0 0.6867655 1.0 25.3438596735
0.6793425 0.0 -1.0 25.5663705753
0.0 0.6673805 1.0 26.0416272289
0.0 0.6571065 -1.0 26.8798305869
0.644854 0.0 1.0 27.8865542197
0.5727275 0.0 -1.0 28.5743102578
0.0 0.560231 1.0 29.150656022
0.54773 0.0 -1.0 29.8347793395
0.541508 0.0 1.0 30.2927824851
0.4654305 0.0 -1.0 30.7830383742
0.4211005 0.0 1.0 31.154704561
0.393491 0.0 -1.0 31.5848500295
0.388505 0.0 1.0 32.0186735789
0.3750325 0.0 -1.0 32.4256800196
0.0 0.369739 1.0 32.7368221609
0.0 0.368348 -1.0 33.0707927791
0.0 0.3646192 1.0 33.4235693238
0.0 0.3067885 -1.0 33.776788013
0.3008145 0.0 1.0 34.1204583797
0.2964425 0.0 -1.0 34.8636783303
0.27994 0.0 1.0 35.8524609336
0.0 0.2556165 -1.0 36.4982221306
0.2491475 0.0 1.0 37.0864162478
0.246305 0.0 -1.0 37.4586915588
0.0 0.239573 1.0 37.9312626337
0.123927 0.0 -1.0 38.311897001
0.1201935 0.0 1.0 38.7920310979
0.0 0.866085 1.0 39.2237592361
0.857233 0.0 -1.0 39.8254607598
0.0 0.8491285 1.0 40.3603694466
0.8472835 0.0 -1.0 40.6091376503
0.0 0.7965965 1.0 41.0263884825
0.7497735 0.0 -1.0 41.4484247114
0.729873 0.0 1.0 41.9065511002
0.7277475 0.0 -1.0 42.3748447711
0.0 0.6867655 1.0 42.6848638679
0.6793425 0.0 -1.0 43.1377880476
0.0 0.6673805 1.0 44.2124263809
0.0 0.6571065 -1.0 45.7380901918
0.644854 0.0 1.0 47.1320396076
0.5727275 0.0 -1.0 48.2178731545
0.0 0.560231 1.0 49.2888209635
0.54773 0.0 -1.0 50.2130314831
0.541508 0.0 1.0 51.0708839418
0.4654305 0.0 -1.0 51.7592815714
0.4211005 0.0 1.0 52.45480847
0.393491 0.0 -1.0 53.1435455072
0.388505 0.0 1.0 53.8784502498
0.3750325 0.0 -1.0 54.4826356023
0.0 0.369739 1.0 55.0367256025
0.0 0.368348 -1.0 55.5830354535
0.0 0.3646192 1.0 56.2161692088
0.0 0.3067885 -1.0 56.7386855513
0.3008145 0.0 1.0 57.6039181148
0.2964425 0.0 -1.0 59.0395571535
0.27994 0.0 1.0 60.3537789445
0.0 0.2556165 -1.0 61.4856005339
0.2491475 0.0 1.0 62.2411176962
0.246305 0.0 -1.0 63.0141014333
0.0 0.239573 1.0 63.6690364894
0.123927 0.0 -1.0 64.4320313638
0.1201935 0.0 1.0 65.1387123004
0.0 0.866085 1.0 66.0052889083
0.857233 0.0 -1.0 66.978011078
0.0 0.8491285 1.0 67.6479850354
0.8472835 0.0 -1.0 68.21896235
0.0 0.7965965 1.0 68.873254875
0.7497735 0.0 -1.0 69.6124325782
0.729873 0.0 1.0 70.3984156532
0.7277475 0.0 -1.0 71.0839986191
0.0 0.6867655 1.0 71.6568987921
