0.644854 0.0 1.0 0.576339754969
0.0 0.632359 -1.0 0.762494391355
0.0 0.2495765 -1.0 0.549442668325
0.2244395 0.0 1.0 0.533206305384
0.876278 0.0 1.0 0.596298634862
0.0 0.632359 -1.0 0.342638825165
0.541508 0.0 1.0 0.311758122875
0.0 0.14010985 -1.0 0.290047122654
0.2244395 0.0 1.0 0.369760204416
0.0 0.14010985 -1.0 0.267533866222
0.0 0.8449135 -1.0 0.263371165257
0.876278 0.0 1.0 0.234291066279
0.0 0.632359 -1.0 0.234625661441
0.850829 0.0 1.0 0.193618068798
0.8472835 0.0 -1.0 0.246411019369
0.850829 0.0 1.0 0.197061860994
0.1201935 0.0 1.0 0.218247586561
0.0 0.14010985 -1.0 0.209494737757
0.388505 0.0 1.0 0.200079840201
0.4654305 0.0 -1.0 0.252586828073
0.541508 0.0 1.0 0.205565638379
0.8472835 0.0 -1.0 0.175143229183
0.850829 0.0 1.0 0.18569335141
0.0 0.6867655 -1.0 0.214418817363
0.876278 0.0 1.0 0.181057141937
0.0 0.3775455 -1.0 0.18367104044
0.0 0.28398 1.0 0.277855894199
0.0 0.3775455 -1.0 0.201178234814
0.0 0.509273 1.0 0.181610595787
0.1201935 0.0 1.0 0.189017247462
0.0 0.14010985 -1.0 0.21023610371
0.2244395 0.0 1.0 0.187075845064
0.4654305 0.0 -1.0 0.162668215872
0.541508 0.0 1.0 0.192899797411
0.0 0.424243 -1.0 0.172695648065
0.4654305 0.0 -1.0 0.178836133962
0.850829 0.0 1.0 0.178107477885
0.8472835 0.0 -1.0 0.199059652054
0.541508 0.0 1.0 0.218172903552
0.0 0.632359 -1.0 0.144821804839
0.0 0.5943685 1.0 0.209330339295
0.0 0.632359 -1.0 0.168956229226
0.876278 0.0 1.0 0.223921753213
0.8472835 0.0 -1.0 0.197573172864
0.850829 0.0 1.0 0.168329819227
0.1201935 0.0 1.0 0.204608604817
0.0 0.14010985 -1.0 0.170189157872
0.0 0.632359 -1.0 0.166377313695
0.850829 0.0 1.0 0.180425748087
0.2244395 0.0 1.0 0.200112753525
0.0 0.424243 -1.0 0.160541409215
0.0 0.5943685 1.0 0.20804525125
0.0 0.632359 -1.0 0.15877721823
0.876278 0.0 1.0 0.17840382512
0.8472835 0.0 -1.0 0.192761618908
0.541508 0.0 1.0 0.171100125782
0.4654305 0.0 -1.0 0.202867470521
0.4211005 0.0 1.0 0.186328715125
0.4654305 0.0 -1.0 0.156822476803
0.541508 0.0 1.0 0.178773988587
0.4654305 0.0 -1.0 0.151452909199
0.4211005 0.0 1.0 0.143140537334
0.2573975 0.0 -1.0 0.141316799367
0.0 0.8449135 -1.0 0.152554947944
0.850829 0.0 1.0 0.19258489291
0.0 0.632359 -1.0 0.186926985248
0.850829 0.0 1.0 0.157244620421
0.8472835 0.0 -1.0 0.198416397678
0.541508 0.0 1.0 0.165666301882
0.4654305 0.0 -1.0 0.150022234541
0.850829 0.0 1.0 0.139183140844
0.2244395 0.0 1.0 0.191164570572
0.0 0.424243 -1.0 0.197025149746
0.0 0.509273 1.0 0.192436973111
0.0 0.2495765 -1.0 0.138752928968
0.0 0.28398 1.0 0.18049690497
0.0 0.424243 -1.0 0.195017097204
0.0 0.28398 1.0 0.126543638909
0.0 0.21523325 -1.0 0.169559440289
0.1201935 0.0 1.0 0.160609544684
0.876278 0.0 1.0 0.178799553238
0.0 0.632359 -1.0 0.174869160389
0.541508 0.0 1.0 0.180644935125
0.4654305 0.0 -1.0 0.198991683528
0.541508 0.0 1.0 0.165662428776
0.8472835 0.0 -1.0 0.1478831012
0.876278 0.0 1.0 0.178961072453
0.0 0.632359 -1.0 0.166994635615
0.0 0.5943685 1.0 0.180858278543
0.0 0.632359 -1.0 0.146280162042
0.0 0.14010985 -1.0 0.163334633021
0.2244395 0.0 1.0 0.190290525498
0.850829 0.0 1.0 0.159706969116
0.8472835 0.0 -1.0 0.163787042569
0.0 0.3775455 -1.0 0.150108296908
0.541508 0.0 1.0 0.168283710624
0.4654305 0.0 -1.0 0.175060327897
0.541508 0.0 1.0 0.148786751271
0.0 0.8449135 -1.0 0.132937158267
0.850829 0.0 1.0 0.177652506661
0.8472835 0.0 -1.0 0.195463251144
0.850829 0.0 1.0 0.163219198441
0.0 0.632359 -1.0 0.170318219556
0.0 0.5943685 1.0 0.170071557989
0.0 0.424243 -1.0 0.149274453014
0.1201935 0.0 1.0 0.137833418832
0.876278 0.0 1.0 0.175521654967
0.8472835 0.0 -1.0 0.161333060635
0.850829 0.0 1.0 0.144227478663
0.0 0.632359 -1.0 0.163820052807
0.541508 0.0 1.0 0.159548572762
0.4654305 0.0 -1.0 0.173726902461
0.541508 0.0 1.0 0.147825117141
0.4654305 0.0 -1.0 0.128681795075
0.388505 0.0 1.0 0.139523453858
0.0 0.21523325 -1.0 0.149050839391
0.0 0.28398 1.0 0.169120594653
0.0 0.2495765 -1.0 0.145887880224
0.1201935 0.0 1.0 0.179537384226
0.0 0.616428 1.0 0.175604130416
0.0 0.632359 -1.0 0.163235230272
0.0 0.14010985 -1.0 0.193349683955
0.2244395 0.0 1.0 0.162467720705
0.2573975 0.0 -1.0 0.153123945156
0.541508 0.0 1.0 0.154465204759
0.0 0.632359 -1.0 0.167196714286
0.850829 0.0 1.0 0.162443365169
0.0 0.8449135 -1.0 0.176213431096
0.876278 0.0 1.0 0.154159785607
0.8472835 0.0 -1.0 0.165230511208
0.850829 0.0 1.0 0.141795126691
0.0 0.632359 -1.0 0.14818058271
0.0 0.616428 1.0 0.137082966807
0.0 0.3775455 -1.0 0.155199903485
0.0 0.28398 1.0 0.174064113783
0.0 0.3775455 -1.0 0.140997091807
0.541508 0.0 1.0 0.13536218701
0.4654305 0.0 -1.0 0.164777849578
0.2244395 0.0 1.0 0.150848291422
0.0 0.14010985 -1.0 0.168054630728
0.1201935 0.0 1.0 0.158353889167
0.850829 0.0 1.0 0.160622341202
0.8472835 0.0 -1.0 0.154287612739
0.541508 0.0 1.0 0.181384132408
0.4654305 0.0 -1.0 0.146025241584
0.4211005 0.0 1.0 0.140582986895
0.0 0.2495765 -1.0 0.135921934399
0.0 0.28398 1.0 0.152623172503
0.0 0.632359 -1.0 0.13530956405
0.876278 0.0 1.0 0.184892683924
0.0 0.632359 -1.0 0.155807366058
0.0 0.616428 1.0 0.151906066189
0.0 0.4946215 -1.0 0.142721445705
0.0 0.509273 1.0 0.133968843663
0.0 0.632359 -1.0 0.148579519606
0.850829 0.0 1.0 0.140761208576
0.1201935 0.0 1.0 0.146711962872
0.0 0.14010985 -1.0 0.165260672516
0.27994 0.0 1.0 0.162650269984
0.2573975 0.0 -1.0 0.14404897801
0.0 0.8449135 -1.0 0.163586949279
0.876278 0.0 1.0 0.134024277463
0.8472835 0.0 -1.0 0.147800404978
0.541508 0.0 1.0 0.154969626069
0.4654305 0.0 -1.0 0.178707711673
0.541508 0.0 1.0 0.151405481633
0.0 0.2495765 -1.0 0.151254702933
0.2244395 0.0 1.0 0.174014310992
0.2573975 0.0 -1.0 0.155694836025
0.2491475 0.0 1.0 0.134260850911
0.0 0.14010985 -1.0 0.137334134511
0.0 0.632359 -1.0 0.149239742172
0.850829 0.0 1.0 0.146968662184
0.0 0.8449135 -1.0 0.151271777658
0.850829 0.0 1.0 0.131280879407
0.8472835 0.0 -1.0 0.150866798458
0.541508 0.0 1.0 0.148693250657
0.4654305 0.0 -1.0 0.175029467169
0.541508 0.0 1.0 0.148764521162
0.0 0.424243 -1.0 0.168749779677
0.0 0.28398 1.0 0.159019954449
0.0 0.21523325 -1.0 0.168945467212
0.2244395 0.0 1.0 0.14417053768
0.2573975 0.0 -1.0 0.155270608729
0.2491475 0.0 1.0 0.134145719315
0.876278 0.0 1.0 0.131345140726
0.0 0.632359 -1.0 0.156083465183
0.850829 0.0 1.0 0.137793353959
0.8472835 0.0 -1.0 0.146856046942
0.541508 0.0 1.0 0.148179919999
0.4654305 0.0 -1.0 0.177231192472
0.541508 0.0 1.0 0.150347432433
0.0 0.33158875 -1.0 0.162960830116
0.0 0.28398 1.0 0.156671916981
0.0 0.2495765 -1.0 0.160040326348
0.1201935 0.0 1.0 0.149265034107
0.850829 0.0 1.0 0.151802135102
0.0 0.632359 -1.0 0.145860383374
0.0 0.5943685 1.0 0.160693304135
0.0 0.632359 -1.0 0.133968724441
0.876278 0.0 1.0 0.136728893473
0.8472835 0.0 -1.0 0.139563442075
0.541508 0.0 1.0 0.161463036809
0.4654305 0.0 -1.0 0.164174596683
0.388505 0.0 1.0 0.145188458413
0.2573975 0.0 -1.0 0.12839238048
0.27994 0.0 1.0 0.129669899078
0.307447 0.0 -1.0 0.13112111695
0.27994 0.0 1.0 0.115847076131
0.0 0.14010985 -1.0 0.119642541529
0.1201935 0.0 1.0 0.143834943761
0.876278 0.0 1.0 0.141651022994
0.0 0.632359 -1.0 0.151208888211
0.0 0.509273 1.0 0.166109944644
0.0 0.4946215 -1.0 0.170456870699
0.0 0.509273 1.0 0.145457118523
0.0 0.4946215 -1.0 0.126886716747
0.0 0.28398 1.0 0.144920663563
0.0 0.2495765 -1.0 0.149913525864
0.0 0.28398 1.0 0.130248032522
0.0 0.3775455 -1.0 0.142754508548
0.0 0.509273 1.0 0.125110276416
0.0 0.632359 -1.0 0.133079813725
0.541508 0.0 1.0 0.150903791965
0.4654305 0.0 -1.0 0.176072421208
0.541508 0.0 1.0 0.149515120076
0.4654305 0.0 -1.0 0.129958226063
0.27994 0.0 1.0 0.148930443658
0.0 0.21523325 -1.0 0.166044354207
0.0 0.28398 1.0 0.137449849634
0.0 0.2495765 -1.0 0.126147051331
0.1201935 0.0 1.0 0.119226164525
0.876278 0.0 1.0 0.161319121938
0.0 0.632359 -1.0 0.152147954987
0.0 0.616428 1.0 0.16988786776
0.0 0.632359 -1.0 0.145043656845
0.541508 0.0 1.0 0.179059639376
0.4654305 0.0 -1.0 0.157070729725
0.4211005 0.0 1.0 0.138740897544
0.2573975 0.0 -1.0 0.12945798322
0.2244395 0.0 1.0 0.138569242548
0.0 0.14010985 -1.0 0.140802485667
0.0 0.8449135 -1.0 0.155883735633
0.850829 0.0 1.0 0.14759443903
0.0 0.632359 -1.0 0.152864208863
0.876278 0.0 1.0 0.134536921556
0.8472835 0.0 -1.0 0.148596695035
0.541508 0.0 1.0 0.139914334685
0.4654305 0.0 -1.0 0.156963614656
0.388505 0.0 1.0 0.135809436699
0.2573975 0.0 -1.0 0.138765382398
0.2244395 0.0 1.0 0.127550443966
0.0 0.21523325 -1.0 0.14830138721
0.0 0.181992 1.0 0.126306563656
0.0 0.14010985 -1.0 0.148615500265
0.1201935 0.0 1.0 0.138080207194
0.850829 0.0 1.0 0.156275077229
0.0 0.632359 -1.0 0.140826623109
0.541508 0.0 1.0 0.136719067512
0.4654305 0.0 -1.0 0.146933907824
0.541508 0.0 1.0 0.128007108844
0.0 0.424243 -1.0 0.130822607729
0.0 0.28398 1.0 0.163220854856
0.0 0.2495765 -1.0 0.179512023042
0.0 0.28398 1.0 0.151972510995
0.0 0.3775455 -1.0 0.147806693513
0.0 0.28398 1.0 0.125880962304
0.0 0.2495765 -1.0 0.137344657107
0.2244395 0.0 1.0 0.151003153393
0.2573975 0.0 -1.0 0.160051529585
0.2244395 0.0 1.0 0.137727337705
0.876278 0.0 1.0 0.148837009567
0.0 0.8449135 -1.0 0.14472978437
0.0 0.14010985 -1.0 0.157156750342
0.1201935 0.0 1.0 0.138043211895
0.541508 0.0 1.0 0.138227411502
0.4654305 0.0 -1.0 0.151099992845
0.541508 0.0 1.0 0.131151721031
0.0 0.2495765 -1.0 0.145730399788
0.0 0.28398 1.0 0.146170406991
0.0 0.424243 -1.0 0.154824589816
0.0 0.28398 1.0 0.120342505078
0.0 0.2495765 -1.0 0.134526882977
0.2244395 0.0 1.0 0.139630932052
0.2573975 0.0 -1.0 0.163909466703
0.2491475 0.0 1.0 0.140759016769
0.0 0.14010985 -1.0 0.135926191145
0.0 0.632359 -1.0 0.134445342389
0.644854 0.0 1.0 0.175045424078
0.4654305 0.0 -1.0 0.133473169865
0.541508 0.0 1.0 0.128019210274
0.655274 0.0 -1.0 0.136211985926
0.850829 0.0 1.0 0.131306823
0.0 0.8449135 -1.0 0.160079640925
0.876278 0.0 1.0 0.139171492305
0.0 0.632359 -1.0 0.139512914915
0.0 0.509273 1.0 0.138660826
0.0 0.4946215 -1.0 0.158179312789
0.0 0.509273 1.0 0.136441399523
0.27994 0.0 1.0 0.129740287787
